1.000000000000000000e+01 4.485693767117994724e-01
2.000000000000000000e+00 4.992284803487431755e-01
3.000000000000000000e+00 1.893206699669827409e-01
4.000000000000000000e+00 2.938545301039295343e-01
9.000000000000000000e+00 3.904324851575471933e-01
4.000000000000000000e+00 2.326180599552685746e-01
5.000000000000000000e+00 1.446996851271260820e-01
6.000000000000000000e+00 4.353434757180421055e-01
5.000000000000000000e+00 2.000070845851094070e-01
9.000000000000000000e+00 3.500021626900284288e-01
1.000000000000000000e+01 1.001357188316247954e-01
1.000000000000000000e+01 1.000000000000000056e-01
8.000000000000000000e+00 1.000596250431198542e-01
1.000000000000000000e+01 1.000000000000000056e-01
8.000000000000000000e+00 1.000000000000000056e-01
1.000000000000000000e+01 4.999999999999999445e-01
8.000000000000000000e+00 4.999999999999999445e-01
8.000000000000000000e+00 4.999999999999999445e-01
7.000000000000000000e+00 1.000000000000000056e-01
1.000000000000000000e+01 4.999999999999999445e-01
1.000000000000000000e+01 4.999999999999999445e-01
1.000000000000000000e+01 4.999999999999999445e-01
1.000000000000000000e+01 1.009803724509130002e-01
1.000000000000000000e+01 1.000015003545976083e-01
1.000000000000000000e+01 4.977532719044370779e-01
1.000000000000000000e+01 1.003390111509716159e-01
1.000000000000000000e+01 4.983615553333147208e-01
8.000000000000000000e+00 4.993377124710652870e-01
8.000000000000000000e+00 4.991687038902065665e-01
1.000000000000000000e+01 1.000988617575097744e-01
1.000000000000000000e+01 4.931180823147676695e-01
1.000000000000000000e+01 4.999999999999999445e-01
8.000000000000000000e+00 1.003149855694617509e-01
1.000000000000000000e+01 1.000000000000000056e-01
7.000000000000000000e+00 4.991377078195095573e-01
1.000000000000000000e+01 1.000000000000000056e-01
9.000000000000000000e+00 1.000301352523412790e-01
1.000000000000000000e+01 1.000000000000000056e-01
8.000000000000000000e+00 4.967781397427676882e-01
1.000000000000000000e+01 4.999999999999999445e-01
1.000000000000000000e+01 4.999999999999999445e-01
1.000000000000000000e+01 4.999999999999999445e-01
9.000000000000000000e+00 1.000000000000000056e-01
1.000000000000000000e+01 1.000000000000000056e-01
9.000000000000000000e+00 4.999999999999999445e-01
9.000000000000000000e+00 4.999999999999999445e-01
7.000000000000000000e+00 4.997507170722725878e-01
7.000000000000000000e+00 1.001778320784008497e-01
7.000000000000000000e+00 1.000345314092255522e-01
1.000000000000000000e+00 1.002470027098532335e-01
8.000000000000000000e+00 1.000000000000000056e-01
6.000000000000000000e+00 4.996762116213575022e-01
7.000000000000000000e+00 1.001479668227993336e-01
6.000000000000000000e+00 4.987937926806163547e-01
9.000000000000000000e+00 4.999999999999999445e-01
6.000000000000000000e+00 1.000080481905768204e-01
9.000000000000000000e+00 4.999999999999999445e-01
1.000000000000000000e+01 1.000000000000000056e-01
7.000000000000000000e+00 1.000951433100735338e-01
6.000000000000000000e+00 4.983125420577527165e-01
