4.242556914687156677e-02
1.949106603860855103e-01
1.851095110177993774e-01
1.403630673885345459e-01
4.331535473465919495e-02
3.334221988916397095e-02
1.046142801642417908e-01
5.828084796667098999e-02
7.882373780012130737e-02
7.161391526460647583e-02
2.059878967702388763e-02
4.323814809322357178e-02
3.465877100825309753e-02
6.038371473550796509e-02
5.903933569788932800e-02
5.214009433984756470e-02
2.415642328560352325e-02
4.184699803590774536e-02
1.008622944355010986e-01
3.617190569639205933e-02
4.453300684690475464e-02
2.205765061080455780e-02
2.397333644330501556e-02
4.374202340841293335e-02
3.960061445832252502e-02
3.600921481847763062e-02
4.450136423110961914e-02
2.736628986895084381e-02
7.285482436418533325e-02
3.163694962859153748e-02
3.763411566615104675e-02
8.172491192817687988e-02
6.574800610542297363e-02
3.219735249876976013e-02
4.288829118013381958e-02
2.751011587679386139e-02
3.980751335620880127e-02
1.102508679032325745e-01
5.551113933324813843e-02
3.622699528932571411e-02
7.934798300266265869e-02
6.985604017972946167e-02
5.547120049595832825e-02
5.997757986187934875e-02
4.244195297360420227e-02
2.448224090039730072e-02
5.692656710743904114e-02
3.484499827027320862e-02
9.248889051377773285e-03
2.291553467512130737e-01
3.988696262240409851e-02
5.602153763175010681e-02
7.887308299541473389e-02
4.643734544515609741e-02
6.124068424105644226e-02
9.801813215017318726e-02
1.198895424604415894e-01
2.017665281891822815e-02
6.424053758382797241e-02
3.989454731345176697e-02
